1,175,2.7
1,198,2.9
1,192,1.6
1,129,2.7
1,144,3.1
1,127,2.3
1,161,4.9
1,181,2.7
1,120,3.1
1,102,1.1
1,157,4.3
1,182,3.5
1,113,3.3
1,138,1.6
1,118,3.4
1,111,1.6
1,135,4.5
1,147,3.6
1,160,3.7
1,199,1.2
1,172,1.6
1,187,1.5
1,179,2.2
1,193,4.1
1,133,1.8
1,167,1.2
1,189,2.4
1,152,1.3
1,170,3.6
1,123,3.8
1,108,4.2
1,169,2.3
1,164,2.3
1,121,4.4
1,191,3.1
1,116,3.6
1,148,3.6
1,117,2.9
1,119,2.5
1,104,4.1
1,128,1.3
1,183,2.5
1,136,4.3
1,137,3.8
1,125,3.7
1,114,4.1
1,105,4.0
1,146,2.2
1,101,1.5
1,103,2.4
2,149,3.1
2,196,3.7
2,100,4.8
2,145,1.2
2,189,5.0
2,106,3.3
2,159,3.7
2,105,1.7
2,173,4.4
2,171,3.0
2,199,2.4
2,174,3.8
2,140,2.6
2,103,2.6
2,190,2.3
2,102,3.8
2,153,4.2
2,129,4.2
2,195,1.8
2,135,1.2
2,193,1.3
2,147,2.4
2,194,2.0
2,157,2.7
2,197,4.9
2,122,1.4
2,130,3.9
2,123,3.9
2,162,2.5
2,165,2.3
2,136,1.5
2,150,2.8
2,134,2.2
2,118,3.6
2,117,3.2
2,121,4.2
2,108,1.6
2,119,2.5
2,170,2.2
2,126,3.8
2,200,1.8
2,192,3.5
2,124,4.1
2,146,1.3
2,148,3.7
2,191,2.1
2,143,2.5
2,138,1.2
2,141,3.2
2,115,4.7
3,151,3.7
3,132,2.0
3,148,3.4
3,155,2.9
3,174,1.3
3,157,2.7
3,176,2.8
3,126,2.6
3,166,1.2
3,118,2.4
3,113,2.3
3,107,2.0
3,185,1.2
3,194,4.6
3,153,2.6
3,195,2.0
3,120,1.1
3,171,2.4
3,124,2.8
3,108,3.8
3,117,2.0
3,134,2.0
3,109,1.1
3,199,3.1
3,115,1.7
3,177,2.1
3,147,4.9
3,144,4.2
3,111,1.8
3,192,3.8
3,167,2.3
3,119,1.4
3,197,3.5
3,135,2.2
3,104,2.1
3,102,3.6
3,137,3.5
3,141,1.2
3,156,3.5
3,123,5.0
3,163,3.7
3,149,3.8
3,105,3.7
3,154,4.1
3,112,4.7
3,193,4.8
3,160,4.9
3,127,1.7
3,191,4.7
3,198,3.0
4,186,4.5
4,197,4.7
4,125,3.2
4,147,3.2
4,191,1.9
4,198,3.3
4,113,4.5
4,150,3.8
4,110,3.7
4,185,3.9
4,133,2.3
4,195,4.2
4,106,4.5
4,120,4.3
4,152,4.0
4,126,3.0
4,144,1.1
4,109,4.2
4,153,4.7
4,132,2.1
4,127,1.2
4,104,1.8
4,138,4.5
4,137,3.2
4,162,2.1
4,131,1.4
4,194,3.1
4,173,2.4
4,146,3.3
4,134,3.3
4,119,2.7
4,140,3.1
4,155,4.7
4,102,4.0
4,192,2.0
4,123,4.4
4,187,4.1
4,100,3.9
4,168,1.4
4,116,1.1
4,193,4.1
4,184,4.0
4,163,2.0
4,107,3.1
4,112,3.2
4,149,3.2
4,158,1.8
4,114,4.2
4,143,2.2
4,142,4.3
5,133,3.3
5,186,3.4
5,149,1.5
5,188,2.1
5,173,3.2
5,191,1.4
5,141,5.0
5,107,1.7
5,110,3.4
5,158,2.2
5,104,1.9
5,103,2.4
5,131,3.0
5,178,4.1
5,180,3.8
5,121,3.3
5,199,1.7
5,115,1.5
5,120,2.8
5,196,3.6
5,187,3.2
5,147,1.3
5,139,2.9
5,102,1.7
5,150,3.9
5,137,2.5
5,130,2.6
5,175,5.0
5,146,3.4
5,142,4.8
5,148,1.7
5,174,4.3
5,123,3.0
5,166,2.4
5,157,2.3
5,100,2.6
5,193,3.8
5,179,4.9
5,125,3.7
5,105,3.0
5,108,4.1
5,195,3.0
5,134,1.8
5,163,3.9
5,144,2.3
5,176,2.6
5,124,2.4
5,143,3.8
5,140,3.6
5,177,1.4
6,101,4.5
6,168,4.9
6,144,3.9
6,133,1.6
6,130,2.5
6,110,3.0
6,134,4.3
6,113,3.1
6,165,1.6
6,200,1.7
6,128,1.5
6,175,2.2
6,146,3.5
6,149,2.6
6,178,4.4
6,141,1.7
6,159,4.5
6,109,2.0
6,116,1.6
6,136,3.1
6,112,1.4
6,148,4.1
6,138,2.9
6,129,1.3
6,106,4.3
6,143,3.6
6,170,3.1
6,135,3.0
6,172,4.4
6,153,1.9
6,187,4.8
6,123,3.1
6,196,4.4
6,199,4.9
6,122,2.3
6,124,4.6
6,100,3.1
6,181,3.0
6,177,3.3
6,139,2.1
6,105,3.6
6,160,3.7
6,107,1.4
6,127,1.4
6,183,3.1
6,117,2.1
6,121,1.8
6,118,3.6
6,169,3.2
6,137,2.0
7,114,4.2
7,182,4.1
7,113,2.4
7,145,1.9
7,124,2.7
7,189,2.9
7,103,2.3
7,197,4.4
7,190,3.3
7,143,3.4
7,150,4.7
7,105,1.3
7,128,2.8
7,187,4.7
7,129,2.8
7,179,1.9
7,165,2.5
7,188,2.7
7,148,1.2
7,155,2.1
7,149,4.9
7,164,3.8
7,106,4.1
7,110,2.8
7,134,2.1
7,159,1.0
7,162,1.1
7,112,2.6
7,163,1.2
7,141,4.4
7,126,2.1
7,171,1.1
7,138,1.6
7,133,2.2
7,122,3.0
7,117,1.7
7,195,4.4
7,127,1.3
7,193,3.5
7,118,4.3
7,123,4.3
7,119,2.3
7,120,2.5
7,176,3.2
7,109,4.1
7,100,4.3
7,131,2.3
7,161,4.0
7,139,4.9
7,116,3.5
8,189,4.5
8,166,2.5
8,136,4.5
8,100,1.4
8,152,3.0
8,117,1.9
8,138,4.3
8,112,4.4
8,176,2.9
8,144,1.2
8,148,3.7
8,187,3.3
8,173,2.7
8,114,2.1
8,178,1.8
8,115,1.9
8,113,4.4
8,124,1.8
8,137,4.9
8,142,4.8
8,119,4.3
8,102,4.1
8,185,4.7
8,131,2.0
8,147,4.0
8,158,1.7
8,170,1.9
8,167,2.7
8,200,3.6
8,104,3.5
8,165,2.6
8,145,3.3
8,143,2.6
8,123,1.6
8,150,4.9
8,128,2.0
8,196,3.4
8,190,4.8
8,107,4.1
8,157,1.4
8,139,2.5
8,191,2.2
8,198,4.3
8,160,4.3
8,179,3.2
8,108,2.1
8,159,2.7
8,132,3.1
8,162,3.5
8,105,3.8
9,183,2.6
9,148,4.1
9,106,1.4
9,110,5.0
9,123,2.4
9,102,3.1
9,126,4.6
9,111,2.9
9,143,4.8
9,147,5.0
9,133,3.1
9,134,4.6
9,121,3.8
9,128,4.1
9,146,4.2
9,152,2.7
9,191,2.7
9,198,2.7
9,150,1.3
9,109,3.7
9,114,4.9
9,177,2.0
9,165,4.8
9,173,4.3
9,195,4.5
9,194,2.2
9,132,1.7
9,141,3.1
9,192,2.0
9,137,1.2
9,197,3.4
9,145,2.7
9,185,3.2
9,127,2.8
9,149,1.0
9,186,1.8
9,107,2.1
9,138,4.5
9,168,1.9
9,101,1.3
9,139,4.1
9,144,2.0
9,184,5.0
9,122,4.1
9,142,3.0
9,167,2.5
9,117,2.6
9,113,4.2
9,130,1.9
9,160,1.3
10,138,4.7
10,176,2.7
10,145,3.7
10,163,4.0
10,133,1.8
10,198,2.0
10,164,1.4
10,150,2.7
10,161,4.9
10,125,1.9
10,135,2.1
10,109,1.4
10,173,3.5
10,195,3.5
10,143,4.4
10,134,4.3
10,149,3.8
10,191,4.7
10,187,4.3
10,105,2.0
10,119,4.5
10,128,3.5
10,100,1.5
10,124,3.1
10,102,2.5
10,183,4.5
10,141,1.7
10,184,4.8
10,120,2.8
10,144,4.8
10,117,4.0
10,110,3.2
10,171,1.6
10,129,4.3
10,131,3.0
10,101,1.7
10,169,3.0
10,122,2.3
10,155,3.4
10,121,3.0
10,156,2.8
10,118,1.3
10,197,2.8
10,200,3.7
10,188,3.5
10,159,2.0
10,148,1.9
10,103,4.3
10,108,4.2
10,185,1.7
